00000
00511
00511
00511
00511
00511
01022
01023
00511
02047
00000
00511
04607
01533
00000
01023
02555
03067
02555
05632
01022
01533
02044
08191
00511
00511
03067
04095
02559
00000
01023
05119
05118
02559
03072
10236
05632
04607
00000
03584
04095
03584
00000
01022
10236
08703
02047
09725
07162
02555
06143
10747
04607
06140
03578
01023
07162
05118
10751
03072
00511
00511
11264
11264
06143
02559
04607
07168
03072
13310
08191
13823
01533
12287
01533
13310
02559
06140
20479
03584
01536
15354
08191
09725
14332
01022
22524
09214
00511
10239
02047
11775
15871
02559
00000
04095
02559
09728
06655
02559
06655
09215
06140
04095
04607
04095
05629
06651
02555
06655
03584
12287
06140
06143
05118
01022
11770
12287
01536
01536
05119
14335
14335
06655
18431
22015
07674
02047
05119
04095
29695
02044
04095
10751
01536
02044
22524
22524
17917
04607
00511
06651
11264
18431
09214
15354
07162
05632
00511
00511
13311
02559
27135
16895
08191
17407
02555
02044
01023
17919
12799
02044
04607
10747
03578
02559
13821
31227
12287
27642
04607
07168
09214
04095
04095
04607
00000
14332
10236
09214
15360
05119
04607
21503
21503
18943
03578
13821
01022
03072
09214
05632
09215
24063
14335
10747
11258
00511
19961
30716
11258
11258
02044
16895
14332
05119
03067
16894
18428
05632
05118
07162
11264
02555
24063
19456
12799
13310
02047
05629
00511
08191
04095
15871
06143
07680
06651
02044
40959
29182
17917
13821
10747
02555
03584
08191
02047
14332
07162
06651
10236
06143
13311
16383
34303
19967
11264
14847
05629
16383
02044
06651
03578
13823
07680
15360
17407
06651
18428
14843
23546
26620
20990
12798
11775
07680
08703
03578
05632
04607
09725
03578
09215
25087
25087
32767
20991
25599
02047
07674
05118
04095
02555
12287
14335
19967
20479
09215
14843
20990
20990
14332
23546
11258
03067
05119
08191
18943
13310
22013
14843
12798
03584
14335
24063
38911
40447
30719
19967
19967
06651
05629
10236
09214
03072
13823
03584
09215
00511
17917
27131
18939
22524
04607
04607
03067
10751
27647
02555
13821
13310
19961
09214
05118
06655
13311
40959
27135
10239
03584
04607
15354
14843
15866
03067
10239
18431
06655
03584
23035
15354
35323
22013
31738
00511
13310
11775
13823
13311
05629
04607
22013
22524
12798
07674
04607
23551
13823
19967
03072
03584
03578
01022
00511
12287
05632
14335
13823
03584
03578
26620
15354
29182
34301
38908
23546
09214
02047
00000
03584
09214
11770
20990
06651
09214
01023
13311
37375
14335
29695
00511
03072
14843
00000
18428
03584
05632
11775
14335
21503
18428
11770
19450
30716
30205
15866
28671
00000
06655
08191
03072
08703
10236
10236
02047
00511
11775
31743
27647
28671
28159
03072
04095
10747
15866
17406
11264
05632
22527
24063
19456
08191
00511
33278
26620
17406
13821
06651
15871
11264
12287
06655
04095
14332
01536
03578
11775
27647
44543
25599
50174
19967
16895
03072
03067
16894
05632
07168
18943
19967
27135
05118
02044
15354
33278
19961
16383
12287
10751
08191
04607
07680
02559
12287
07674
04095
02047
23039
33791
40959
33791
36863
03072
18943
08703
11770
08191
08191
04607
18943
17407
10239
07162
05118
28153
25597
17406
19961
07162
13823
03584
05632
03584
04095
15866
09214
11258
06655
18431
26111
18943
35327
07680
06655
04095
16383
13821
08191
05118
00000
06143
06655
06140
07162
23546
32249
27642
20479
19450
05118
01533
03072
07168
12287
11770
18428
09725
11258
07680
19456
20991
25599
26111
06655
07680
15354
18939
16894
09214
13821
00511
06143
05629
10236
19961
30205
34812
26620
28153
10747
01533
01533
05632
01536
04095
12798
15354
12798
05118
08191
15871
19456
25087
10239
05632
04607
14332
19450
08703
10236
00511
02047
08191
02044
05629
17917
28153
24575
20479
17406
02044
06655
09215
10239
00000
04095
09725
11770
05118
07168
13823
14847
25087
26111
12287
08191
02555
12798
02044
06651
01533
10751
17407
12799
02047
04607
19450
27642
14332
17406
04607
02559
07680
20991
13823
05119
00511
02555
00511
04095
18943
19456
25599
30207
19456
11775
06143
09725
12798
00511
05118
03072
12799
14335
08703
04607
06651
15866
15866
18939
07674
02047
07680
16895
17407
14335
05119
02047
04095
04607
11775
18431
15360
29695
18943
11775
09728
01023
12798
06140
07674
00511
03584
15360
08191
08191
03578
14332
17406
15866
18428
06140
03578
05632
09728
06143
01536
00511
08703
04095
03584
09215
11775
19967
24575
15360
08191
00511
10236
15354
06651
11770
00511
02559
09728
03072
01023
14843
19450
22524
18428
16383
08703
06651
15871
04607
06143
07674
04607
13821
02555
01023
04607
07168
16383
10751
09215
03067
07674
16894
11770
13821
10236
05629
05119
05632
03072
06651
12798
15866
16894
13310
08191
04607
05119
09215
04095
00511
03578
07162
07162
02555
00511
05119
07680
10239
08191
03584
06140
08191
14332
09214
09214
03578
03578
09728
00511
00000
08191
09214
17406
08703
13821
02044
00511
09728
03584
08191
01022
00511
03578
03584
01536
09215
08191
16383
14847
09728
03072
01536
03067
02044
04095
02555
04095
10751
09215
01536
00511
03578
12287
07162
07162
07162
02047
06655
11775
08191
03072
03072
00511
03584
00511
03584
04607
08703
15360
10751
05119
01023
04607
08191
00000
06651
01533
00511
15871
05632
08191
01536
01022
06140
02047
10747
04607
04607
09215
13823
12799
02559
05119
03072
02559
03067
04607
02047
07168
07680
05632
01022
04095
05629
02044
04095
07674
01022
04095
08191
01023
04095
02555
09725
01022
09725
07674
03072
02047
03584
06143
00511
00511
02044
00511
02555
01533
03584
01022
06655
02559
04607
01023
00511
12287
01536
09214
00511
01022
09728
02044
01536
02044
05118
07162
06651
13310
01022
00511
00000
02559
01536
09214
00000
04607
05629
05629
00511
01533
00511
04607
06140
06140
00511
10747
06651
06140
10747
01022
00000
01022
02555
01533
03578
05629
03578
08703
08703
04607
02047
01533
06143
03578
01023
04095
00000
01022
00000
05119
00511
05119
04095
06140
03072
00000
06140
03072
08191
04095
02047
01533
07674
01022
01533
05629
01022
00000
08191
01536
04095
05118
05119
03067
03067
06143
01023
00511
03584
04607
04095
05119
05632
07674
03584
06143
01023
04095
05632
01022
07168
06143
01533
00000
01536
00511
03584
04095
04095
00511
09215
00000
02047
04607
06651
02047
08191
00000
01023
07168
02047
03072
03584
03578
05118
05119
00511
01536
07680
03578
01536
08703
03578
01023
00511
03072
02047
10239
02047
00000
09215
06655
00000
06143
02555
01536
08191
04607
00511
09215
00511
01023
04607
04607
09725
01022
03072
02555
05632
01536
05118
03584
02047
10236
01533
04607
01023
03584
05119
02555
04607
02047
01022
00511
01533
10236
04095
01536
01536
02047
06143
04095
03584
03067
08191
08191
02559
02044
04607
04095
01022
01536
05119
08703
03067
04607
06140
02047
04095
01533
00000
02047
00511
02555
02555
10747
08191
02559
03578
00000
01023
02044
02044
00000
10747
10236
06140
02555
02044
06655
00511
00000
00511
01022
08191
03067
08191
00511
04095
06655
01536
06655
01023
01536
00511
04607
09214
03072
01022
02047
03584
04095
05118
02047
06140
11258
11770
04095
02555
03072
02559
01022
01533
00511
05629
05629
09214
04607
04095
06655
04095
05119
06143
00511
02047
02044
09214
05118
04095
02047
06655
05119
03584
00000
02047
07674
09214
07674
00000
02047
08703
02559
05632
03584
01023
04095
02555
09214
01536
04607
08191
03584
07680
02047
01536
01022
05118
12287
00511
00511
04607
03584
05119
00511
02559
03067
09214
09214
04095
00511
08191
05119
05632
06143
04095
01536
03067
05118
03067
06143
08191
08703
07680
09728
02047
04607
02044
07674
05629
02559
00511
06143
03072
03072
02044
00511
08703
11770
10747
05118
02047
06655
02047
06655
02047
03072
02555
04095
09214
01536
06655
09215
07168
09728
05632
04095
01536
04607
09725
00511
00000
04607
05119
05632
02047
02047
04095
08703
10747
07674
00511
03584
04095
04607
06143
02559
00511
04607
08703
07162
03072
02047
07168
05119
06655
02559
02047
04607
09214
07162
00511
00000
03584
03584
03584
02559
00511
06651
08703
10747
02555
02047
05119
05119
06655
04607
02559
01533
05629
08703
00511
02047
06143
07168
07168
05119
03072
01533
06651
09214
04607
01022
00511
03072
03072
01023
00511
06651
09214
11770
08703
01022
00511
05632
05119
05632
02047
00511
04607
07674
06140
02559
03584
08703
07680
08703
06655
01536
03578
07674
08191
01022
00511
02047
04607
03072
03072
02555
06651
10236
11770
03067
01022
01536
05632
05632
05632
02047
03067
06140
07674
03578
01536
04607
07168
07168
07680
03072
03067
05118
10236
05629
00511
00511
03072
05119
04607
01023
03578
07162
11258
07674
02044
00511
06143
06655
06143
06655
00000
04095
05118
06651
01022
03584
05632
08703
08191
06655
01022
02555
07674
09725
04095
01533
00000
05632
04095
03072
01533
05629
10747
09214
06140
02555
02047
07680
06143
07680
04095
02044
02555
05629
04095
01536
03584
08191
09728
09728
04095
01533
03067
09214
06651
02555
02044
02559
06655
03584
03072
03067
07162
10236
08191
04607
02044
04095
06655
07168
08191
01022
01022
04095
05629
03067
03072
04607
08703
10239
08191
00511
00000
05629
08191
04095
01533
01022
06143
04607
05119
01023
04095
07162
07674
06651
04095
01536
06143
05119
09215
04607
01533
00511
05118
05629
00511
02559
06655
09215
09215
04607
00000
01022
08703
05118
03578
03067
03072
06143
03072
03584
01533
05118
08703
06651
07162
02044
04095
06143
06655
08191
00511
01023
03067
05629
03067
02047
03072
08703
09215
07168
01536
01536
06140
08191
04607
05118
01533
05119
03072
03584
01023
03578
07162
07162
08191
05629
01023
04095
05632
09215
04095
00000
00000
04607
06140
01022
01536
04095
09728
07680
04095
01536
01533
08191
05118
06651
04607
01536
04095
01536
04607
02044
05118
07162
06651
09725
03578
01023
03072
06143
07168
00511
01023
03067
06140
04095
01022
00511
07168
07680
05119
04095
01536
05629
05629
05118
07162
02044
04095
02559
04607
03072
03067
05118
06140
08191
06140
00000
01536
06143
08191
03584
01536
01023
05629
04607
03578
01533
01536
07680
05632
04607
03072
02044
07162
04607
08703
04607
00000
02559
03072
05632
00000
02555
04095
06651
08703
01533
00000
03584
08191
07168
03584
03584
01022
04095
03578
01533
00000
06143
07680
05632
05119
01536
03578
04607
06140
07674
02044
01023
02047
04607
03072
01533
03067
05118
07674
06140
01022
00511
06655
07680
05632
04095
02559
02555
03067
02555
01533
02559
07680
06143
06143
03584
00511
04607
04607
07674
05118
00511
02047
03072
04607
00511
02044
04095
06140
07674
03067
00511
03584
07680
06655
04607
03584
00000
03067
03067
02044
00000
05119
07168
06143
05119
02047
02555
04607
05629
07162
03067
01023
02047
03584
03072
01022
03067
04607
07162
06140
01533
00511
05632
07168
05632
04095
02047
01533
03578
03067
01533
02047
06655
06143
05632
03584
00511
03578
05118
06651
06140
01022
01536
02559
04095
01023
02044
03578
05629
07162
04607
00511
02559
06655
06655
05119
03072
00511
02555
03067
02555
00000
04607
06655
06143
05119
01536
02044
04607
06140
06651
04095
00511
02047
03072
02559
00511
03067
04607
06651
06140
03067
01023
04607
06655
05632
04095
01536
01022
03067
02555
02044
02047
05119
06143
05632
03584
00000
03067
05118
06140
06140
02044
01023
02559
03072
01536
01533
03578
05629
06651
05118
01533
02559
05632
06143
05119
03072
00511
02044
03067
02555
00511
04095
05632
06143
04607
02047
01533
03578
06140
06140
04607
00000
01536
03072
02047
00511
02555
04095
06140
05629
04095
01023
04095
06143
05119
04607
01536
00000
02555
02555
02555
02047
04607
06143
05632
03584
00000
02044
05118
06140
05629
02555
01023
02559
02559
01023
01022
03578
05118
05629
05118
02044
03072
04607
05632
05119
03072
00511
01022
03067
02555
00511
03584
04607
06143
04095
02047
01022
03067
06140
05118
05118
00511
01536
03072
01536
00511
02555
04095
06140
05118
04607
00511
03584
05119
05119
04607
01536
00000
02044
02555
02555
02047
03584
05632
05632
03072
00511
01533
04607
05629
05118
03067
00511
02047
02047
01023
00511
03067
04607
05629
04607
02555
02559
04095
05119
05119
03584
00511
00000
02555
02555
01022
03584
03584
06143
04095
02047
00511
02044
05629
05118
04607
01533
01023
02559
01023
00511
01533
03578
05118
04607
04607
00000
03584
04607
05119
04607
01536
00000
01022
02555
02044
01536
03584
04607
05632
03072
00511
01022
03578
05629
04607
03578
00000
02047
02047
00511
00000
02555
04607
04607
04095
03578
02559
03584
04607
05119
03584
00511
00000
02044
02555
01022
03072
03584
05632
04095
02047
00511
01533
05118
04607
04095
02044
00511
02559
01023
00511
01022
03578
04607
04095
04607
01022
03072
03584
04607
04607
02047
00000
00511
02044
02044
01023
03072
04095
05632
03072
01023
00511
03067
05629
04095
03578
01022
01536
02047
00511
00511
02044
04095
04607
03578
03578
01536
03584
04095
04607
03584
00511
00000
01022
02555
01022
02559
03072
05119
04607
02047
00000
01533
04607
04607
03578
02555
00511
02047
01023
00511
00511
03067
04607
03578
04095
01533
03072
03584
04095
04607
02047
00000
00000
01533
02044
01023
02559
03584
05119
03072
01023
00511
02555
05118
04095
03067
01533
01536
01536
00511
00000
01533
04095
04095
03578
03578
01023
03072
03072
04607
03584
01023
00000
00511
02044
00511
02047
02559
04095
04607
02047
00511
01022
03578
04607
03067
02555
00511
02047
01023
00000
00511
02555
04095
03578
03578
01533
02559
03072
03584
04607
02559
00511
00000
01022
02044
01023
02559
03072
04607
03584
00511
00000
02044
04095
04095
02555
02044
01023
01536
00511
00000
01022
03578
03578
03067
03067
00000
03072
03072
04095
03584
01536
00000
00000
01533
00511
01536
02559
03584
04095
02047
00511
01022
03067
04095
03067
02555
01022
01536
00511
00000
00511
02044
03578
03067
03067
01533
01536
03072
03072
04095
02047
00511
00000
00511
01533
01023
02047
03072
03584
03584
01023
00000
02044
03578
04095
02555
02044
00511
01023
00511
00000
01022
03067
03067
03067
02555
00511
02559
02559
03584
03072
01536
00511
00000
01022
00511
01536
02047
03072
03584
02047
00511
00511
02555
03578
03067
02044
01533
01023
00511
00000
00511
01533
03578
02555
03067
01533
01023
02559
02559
03584
02047
01023
00000
00000
01533
01023
01536
02559
03072
03072
01023
00000
01533
03067
03578
02044
02044
00000
01023
00511
00511
00511
02555
03067
02555
02044
00511
01536
02559
03072
03072
01536
00511
00000
00511
00511
01023
01536
03072
03072
02047
00511
00511
02044
03067
03067
01533
01533
00511
00511
00000
00511
01533
03067
02555
02555
01022
00000
02559
02559
03072
02047
01023
00000
00000
01022
00511
01023
02559
02559
02559
01023
00511
01533
02555
03067
02044
01533
00511
00511
00000
00511
00511
02044
02555
02555
02044
00511
01023
02047
02559
02559
01536
01023
00000
00511
00000
01023
01536
02559
02559
02047
00511
00000
02044
02555
02555
01533
01533
00000
00000
00000
00511
01022
02555
02555
02555
01022
00000
01536
02047
02559
02047
01536
00511
00000
00511
00511
01023
02047
02559
02559
01536
00511
01022
02044
02555
02044
01533
01022
00000
00000
00511
01022
01533
02555
02555
01533
00511
00511
02047
02559
02559
01536
01023
00000
00000
00000
01023
01023
02559
02047
02047
01023
00000
01533
02044
02555
01533
01533
00511
00000
00000
00511
01022
02044
02044
02044
01022
00000
01023
02047
02559
02047
01536
00511
00000
00000
00511
01023
01536
02047
02047
01536
00511
01022
01533
02044
02044
01533
01022
00511
00000
00511
01022
01533
02044
02044
01533
00511
00000
01536
02047
02047
01536
01023
00000
00000
00511
01023
01023
02047
02047
01536
01023
00000
01533
01533
02044
01533
01022
00511
00000
00000
00511
01022
01533
02044
02044
00511
00000
00511
02047
02047
01536
01536
01023
00000
00511
00511
00511
01536
02047
01536
01536
00511
01022
01533
01533
02044
01533
01022
00511
00000
00511
01022
01533
01533
02044
01533
00000
00000
01023
02047
01536
01536
01023
00511
00000
01023
00511
01023
01536
01536
01023
01023
00000
01022
01533
01533
01533
01022
01022
00511
00000
00511
01022
01022
01533
02044
00511
00000
00000
01536
01536
01536
01536
01023
00000
00511
01023
00511
01536
01536
01536
01023
01023
00511
01022
01533
01533
01533
00511
01022
00511
00511
01022
01533
01022
02044
01022
00000
00000
00511
02047
01536
01536
01023
00511
00000
01023
00511
01023
01536
01536
01023
01023
00000
01022
01022
01533
01533
01022
01022
01022
00000
00511
01022
01022
01533
01533
00511
00000
00000
01023
01536
01023
01536
01023
00511
00511
01023
00511
01023
01536
01023
01023
01023
00511
01022
01022
01022
01533
00511
01022
00511
00511
00511
01533
01022
01533
01022
00000
00000
00000
01536
01023
01023
01023
01023
00000
01023
01023
01023
01023
01023
00511
01023
00000
01022
01022
01022
01533
01022
01022
01022
00511
00511
01022
01022
01022
01533
00511
00000
00000
00511
01536
01023
01023
01023
00511
00511
01536
00511
01023
01023
01023
00511
01023
00511
00511
01022
01022
01533
00511
01022
01022
00511
00511
01533
00511
01533
01022
00000
00000
00000
01023
01023
01023
01023
01023
00000
01023
01023
00511
01023
01023
00511
00511
00511
00511
00511
01022
01022
01022
00511
01022
00511
00511
01022
01022
00511
01022
00511
00000
00000
00511
01023
00511
01023
01023
00511
00511
01536
00511
01023
01023
01023
00511
00511
00000
00511
00511
00511
01022
00511
01022
01022
00511
00511
01022
00511
01022
01022
00000
00000
00000
01023
01023
00511
01023
01023
00511
01023
01023
00511
01023
01023
00511
00511
00511
00511
00511
00511
01022
01022
00511
01022
01022
00511
01022
01022
00511
01022
00511
00000
00000
00000
01023
00511
01023
01023
00511
00511
01536
01023
01023
01023
00511
00511
00511
00000
00511
00511
00511
01022
00511
01022
01022
00511
00511
01022
00511
01022
00511
00000
00000
00000
00511
01023
00511
01023
01023
00511
01023
01023
01023
01023
00511
00511
00511
00511
00511
00511
00511
00511
00511
00511
01022
01022
00511
01022
01022
00511
00511
00000
00000
00000
00000
00511
00511
00511
01023
00511
00511
01023
01023
01023
00511
00511
00511
00511
00000
00511
00511
00511
00511
00511
01022
01022
01022
00511
01022
00511
00511
00511
00000
00000
00000
00000
00511
00511
01023
01023
00511
01023
01023
01023
00511
00511
00511
00511
00000
00000
00511
00511
00511
00511
01022
01022
01022
00511
01022
01022
00511
00511
00000
00000
00000
00000
00000
00511
00511
01023
00511
01023
01023
01023
01023
00511
00511
00511
00000
00000
00511
00511
00511
00511
00511
01022
01022
01022
00511
01022
00511
00511
00000
00000
00000
00000
00000
00511
00511
00511
01023
00511
01023
01023
01023
00511
00511
00000
00511
00000
00000
00511
00000
00511
00511
01022
01022
01022
01022
01022
00511
00511
00511
00000
00000
00000
00000
00000
00511
00511
00511
00511
01023
01023
01023
01023
00511
00000
00000
00000
00000
00000
00000
00000
00511
00511
01022
01022
01022
01022
01022
00511
00511
00000
00000
00000
00000
00000
00000
00511
00511
00511
00511
01023
01023
01023
00511
00511
00000
00511
00000
00000
00000
00000
00511
00000
01022
01022
01022
01022
01022
00511
00511
00000
00000
00000
00000
00000
00000
00000
00511
00511
00511
01023
01023
01023
01023
00511
00000
00000
00000
00000
00000
00000
00000
00000
00511
01022
01022
01022
01022
00511
00511
00511
00000
00000
00000
00000
00000
00000
00511
00511
00511
01023
01023
01023
01023
00511
00511
00000
00000
00000
00000
00000
00000
00000
00000
00511
01022
01022
01022
01022
00511
00511
00000
00000
00000
00000
00000
00000
00000
00511
00511
00511
01023
01023
01023
01023
00511
00000
00000
00000
00000
00000
00000
00000
00000
00511
01022
01022
01022
01022
00511
00511
00511
00000
00000
00000
00000
00000
00511
00511
00511
00511
01023
01023
01023
01023
00511
00000
00000
00000
00000
00000
00000
00000
00000
00000
00511
01022
01022
01022
01022
00511
00511
00000
00511
00000
00000
00000
00000
00000
00511
00511
00511
01023
01023
01023
01023
00511
00000
00000
00000
00000
00000
00000
00000
00000
00000
01022
01022
01022
01022
00511
00511
00511
00000
00000
00000
00000
00000
00511
00000
00511
00511
00511
01023
01023
01023
01023
00000
00000
00000
00000
00000
00000
00000
00000
00000
00511
01022
01022
01022
01022
00511
00511
00000
00511
00000
00000
00000
00000
00511
00000
00511
00511
01023
01023
01023
01023
00511
00000
00000
00000
00000
00000
00000
00000
00000
00000
00511
01022
01022
01022
00511
00511
00511
00000
00511
00000
00000
00000
00511
00000
00511
00511
00511
01023
01023
01023
01023
00000
00000
00000
00000
00000
00000
00000
00000
00000
00511
01022
01022
01022
01022
00511
00511
00000
00511
00000
00000
00000
00000
00511
00000
00511
00511
01023
01023
01023
01023
00511
00000
00000
00000
00000
00000
00000
00000
00000
00000
00511
01022
01022
01022
00511
00511
00511
00000
00511
00000
00000
00000
00000
00000
00511
00511
00511
01023
01023
01023
00511
00511
00000
00000
00000
00000
00000
00000
00000
00000
00511
00511
01022
01022
01022
00511
00511
00000
00511
00511
00000
00000
00000
00511
00000
00511
00511
01023
01023
01023
01023
00511
00000
00000
00000
00000
00000
00000
00000
00000
00000
00511
00511
01022
01022
01022
00511
00511
00000
00511
00000
00000
00000
00000
00000
00000
00511
00511
01023
01023
01023
00511
00511
00000
00000
00000
00000
00000
00000
00000
00000
00000
00511
01022
01022
01022
00511
00511
00000
00000
00511
00000
00000
00000
00000
00000
00000
00511
01023
01023
01023
00511
00511
00000
00000
00000
00000
00000
00000
00000
00000
00000
00511
00511
01022
01022
01022
00511
00511
00000
00511
00000
00000
00000
00000
00000
00000
00000
00511
01023
01023
01023
00511
00511
00000
00000
00511
00000
00000
00000
00000
00000
00000
00511
00511
01022
01022
00511
00511
00000
00000
00511
00000
00000
00000
00000
00000
00000
00511
00511
01023
01023
00511
00511
00000
00000
00000
00000
00000
00000
00000
00000
00000
00511
00511
00511
01022
01022
00511
00511
00000
00000
00000
00000
00000
00000
00000
00000
00000
00511
01023
01023
01023
00511
00511
00000
00000
00511
00000
00000
00000
00000
00000
00000
00511
00511
01022
01022
00511
00511
00000
00000
00000
00000
00000
00000
00000
00000
00000
00511
00511
01023
01023
00511
00511
00000
00000
00000
00000
00000
00000
00000
00000
00000
00511
00511
00511
01022
01022
00511
00000
00000
00000
00000
00000
00000
00000
00000
00000
00000
00511
00511
01023
01023
00511
00511
00000
00000
00511
00000
00000
00000
00000
00000
00000
00511
00511
00511
01022
00511
00511
00000
00000
00000
00000
00000
00000
00000
00000
00000
00000
00511
00511
01023
00511
00511
00000
00000
00000
00511
00000
00000
00000
00000
00000
00000
00511
00511
00511
00511
00511
00000
00000
00000
00000
00000
00000
00000
00000
00000
00000
00511
00511
00511
00511
00511
00000
00000
00000
00000
00000
00000
00000
00000
00000
00000
00000
00000
00511
00511
00511
00000
00000
00000
00000
00000
00000
00000
00000
00000
00000
00000
00000
00000
00000
00000
00000
00000
00000
00000
00000
00000
00000
00000
00000
00000
00000
00000
00000
00000
00000
00000
00000
00000
00000
00000
00000
00000
00000
00000
00000
00000
00000
00000
00000
00000
00000
00000
00000
00000
00000
00000
00000
00000
00000
00000
00000
00000
00000
00000
00000
00000
00000
00000
00000
00000
00000
00000
00000
00000
00000
00000
00000
00000
00000
00000
00000
00000
00000
00000
00000
00000
00000
00000
00000
00000
00000
00000
00000
00000
00000
00000
00000
00000
00000
00000
00000
00000
00000
00000
00000
00000
00000
00000
00000
00000
00000
00000
00000
00000
00000
